id: p0
link_speed: fast
compute: low_cpu
txn_time_list: [3.307557524851477, 3.435383203169481, 3.4459538532304133, 3.5864346838801233, 9.38276934015252, 9.949690726365157, 11.797138254563128, 19.618748677992905, 19.96841122007252, 21.931021488175382, 27.473503844432578, 29.438259589823137, 30.912057397385954, 31.32880215395967, 33.38047085002597, 38.28185181062254, 38.85884537949926, 40.87381646705137, 41.9158903843322, 43.28452112051548, 43.88602190974251, 47.805805155343535, 49.63878317191648, 50.00184052573573, 51.97915147935888, 55.16447298846855, 64.78249517869897, 69.13017756401786, 69.16006354977017, 69.53673777924237, 70.0927893241655, 72.25744042744947, 75.20629273524558, 78.38641328510333, 79.475977306669, 79.99648278111613, 81.57075425553735, 81.6268222944111, 82.63276630483175, 87.35268185668697, 87.85516201054463, 91.24082833879996, 93.73347342791435, 94.1276196364224, 96.23780010750674, 96.86021190273705, 98.22459918503098, 100.79708125045151, 101.80645933711624, 103.602621184586, 105.26234780235161, 109.8181119880748, 111.4610044472497, 114.32224036600576, 117.218385360526, 117.96838858934971, 118.5315173358413, 118.97521896848687, 121.43948108420464, 121.5034472480993, 122.95512126428403, 126.87224568465379, 128.33922986744102, 129.54830612424217, 131.21503373550468, 138.5269520948808, 139.948571780481, 140.9019907583988, 142.0108216211724, 144.73138787839306, 145.34482569345553, 149.72124849098964, 151.67564964555393, 155.740709400697, 160.46467233959774, 162.72148161950594, 163.50438668409467, 163.9085729601257, 164.01597162527898, 165.66656656325722, 165.77546579137746, 167.05550255701567, 167.49976845335982, 167.6792975593759, 170.92500863192407, 173.560681174288, 178.14609539403392, 178.43325862474163, 180.83556095712726, 181.50484566422037, 182.41310621625428, 185.18404490555994, 187.33373857047528, 187.8387246508922, 192.24541170248415, 197.80664784952955, 201.0865157654091, 201.85952029928063, 204.63751910077465, 204.68320424899707]
---------------------------------------------------------
id: p1
link_speed: fast
compute: high_cpu
txn_time_list: [0.27548135925025957, 3.1791659226730475, 3.3229930065119966, 4.372679137744156, 6.458221753644457, 8.081995609373944, 9.154746185914064, 9.994308743924488, 12.664225529108803, 13.693208255398154, 14.145889292839726, 15.869205105339345, 16.16344759972645, 17.694241901528358, 19.824799185609514, 21.783547299141258, 21.812779838475453, 26.077638571958524, 26.218582454718756, 29.116788206310048, 38.66149415880228, 43.556928747798636, 48.14236802151892, 48.481843000882236, 49.858122232869746, 51.32557486351664, 54.69420775319925, 55.27354317751848, 55.2995597689713, 55.66435751710981, 55.89029320158749, 58.456247168889355, 60.22877174990335, 60.85952458072041, 61.26507991385765, 61.415483991001004, 63.50397733659805, 64.63297094548162, 69.818055484722, 72.83375871291187, 75.74166642433872, 77.97855921424274, 78.6019084469866, 79.1737163562526, 85.49310392400744, 87.87684684652626, 87.91227162882872, 89.20706434412827, 91.81300606637409, 92.45170662797327, 92.66361132039435, 92.98166539265907, 93.46766836390115, 98.27418487898663, 100.31046216306346, 102.07564733962137, 103.07574859292123, 104.25673631549519, 106.34042080088192, 113.93107145559205, 114.7455554018939, 114.87099998320997, 118.16600860660219, 118.87325968259725, 119.00354763325134, 120.29772647862522, 120.66429636295197, 121.92927289492256, 122.60591321664896, 124.73585607564257, 127.00873598192209, 127.56520000482301, 127.82952282159606, 133.34702785783128, 137.50454020627134, 140.63642832126837, 141.5549998574222, 141.75655386473633, 151.30162002506944, 151.31276542399624, 154.11649216344918, 155.3210888607086, 156.49849091594442, 158.60335804685948, 159.2562762197455, 160.2918000794646, 163.4095303457959, 164.00404632574953, 164.38305850475376, 174.22311928807088, 174.29237472029436, 175.26993890025412, 177.8111550975179, 180.0221745190304, 181.10849067952782, 183.15004678120832, 185.72724011504494, 186.62142422914533, 187.86376552179985, 188.69493112532328]
---------------------------------------------------------
id: p2
link_speed: slow
compute: high_cpu
txn_time_list: [0.854812033153063, 1.6359074060640142, 2.0786102761831486, 2.7067589434918857, 8.925202457682216, 11.524402473324656, 16.63068628234334, 17.881916589587494, 20.48334604127752, 24.582377005214823, 25.465789075935007, 26.2127097221458, 27.21820882500358, 27.927406075181572, 29.29763082467687, 29.58467668918438, 30.082009007314355, 35.837673785987924, 38.807940811761846, 42.0606274859174, 43.928267338559486, 47.06332504875504, 47.42849350612344, 48.3131516449342, 49.443635966034655, 52.265159140564634, 52.476862936615326, 65.97443628717754, 69.1997132455468, 72.09071857949056, 78.2535569627727, 79.38238914916008, 81.03004685616304, 81.06196832449622, 83.26301260387831, 83.3584909297882, 89.66634733335876, 90.33603716119724, 90.84976413954463, 95.74689319305652, 95.9878977535356, 99.40532531849199, 101.38198948645595, 106.50432712332895, 109.4306645561801, 110.15949434658299, 113.73542395018293, 117.76563323456438, 119.84339391079703, 123.78696874005162, 126.0573516585339, 129.06464564007413, 130.10268085886517, 130.81339785593462, 133.85780362145695, 134.811525293057, 139.39758760097635, 141.8928354678633, 144.78521875241321, 147.1139274424492, 148.5676431582966, 148.74740959949705, 151.95433012424027, 152.21607723130614, 152.60556093818207, 153.2276666784988, 154.19998418099024, 154.896794852672, 159.80096537115065, 169.90699145074697, 171.7627939326978, 172.24291785758533, 174.01214299466307, 175.76480494756188, 181.67999397238947, 181.79160988928638, 182.96369497113417, 189.7028107658643, 190.29542271111941, 191.35135827105788, 192.91711182699302, 193.563295307297, 195.39306351358357, 197.09654344386615, 198.33351050253992, 199.69985824975691, 203.51395029480463, 204.45186615086718, 205.8971856378641, 206.98721946321396, 207.26245831244225, 209.99291801392508, 210.4617697532032, 215.11686131364814, 215.74463199039374, 216.00150985687125, 218.19172200135236, 218.75686640222722, 219.01549732864893, 221.18499373381323]
---------------------------------------------------------
id: p3
link_speed: fast
compute: low_cpu
txn_time_list: [1.410097885307406, 1.5610612709252614, 2.9162160190707107, 7.096409827671244, 14.279455857613335, 15.710950902589758, 22.538552057098432, 22.780752560382254, 26.27107424119714, 27.499190329933967, 31.714955838697215, 33.07837108709426, 37.07894002569165, 37.47268198311756, 40.24093250537562, 40.86516421279307, 42.01074759789634, 50.07691697012842, 52.7234803542832, 55.51800654513868, 57.6635065011968, 61.53146696494889, 70.55323565120622, 77.38537777619221, 79.477107930387, 79.7357921536481, 80.95547003336263, 81.02764350310254, 81.38156161313009, 83.48715578720496, 85.18634408644945, 87.66438181100712, 88.07137920503132, 88.21909766056785, 88.63743993953383, 88.96930528452103, 90.42053009435215, 91.10034311457058, 94.25474346841511, 96.35374218452525, 96.67327993773206, 97.73955056536339, 100.31590457643914, 101.70068542528743, 102.97505901317821, 110.99272658947015, 111.51988713792086, 114.5206007629678, 116.3560227227761, 118.21876623570293, 122.81533732089409, 129.2666586324155, 129.69118461802742, 129.8813593552237, 130.7527442468384, 131.56570071086853, 132.19994733735518, 132.96312204549207, 135.44455131714707, 136.76538648077096, 137.20410264756924, 137.28136311004323, 138.6755576806159, 139.93193776612023, 140.35361379224898, 140.8483969111976, 143.11167319822923, 145.70182513563705, 146.93385358226496, 148.16751980762848, 151.58993702426335, 154.15205217893939, 157.9354169424642, 158.7720647895935, 158.85488933654324, 160.64410595624426, 163.64332939586458, 164.57755768560014, 164.98038371703606, 167.25846146124368, 167.9339176701143, 168.52723563831816, 169.77102465446586, 172.44797080601725, 172.95286012689604, 174.4352765362355, 175.19026424520862, 175.26395481701613, 175.50544581415855, 175.94862837678045, 176.09704910021017, 180.0476043674118, 182.13583452097635, 183.07332428957434, 183.14651660184575, 184.04632933140854, 186.6423781350101, 190.2727926481532, 190.34118245149799, 193.0230821836162]
---------------------------------------------------------
id: p4
link_speed: fast
compute: high_cpu
txn_time_list: [1.9437197558659005, 4.052311259871061, 5.4648769975245, 9.327033922229864, 16.589095692826234, 17.34973524555032, 17.735094657273674, 18.344584816765792, 21.193375643251148, 21.49329150400228, 26.689188768422326, 27.484706972430484, 28.520632560495372, 30.355224892817027, 31.149431816074447, 33.86365684559534, 33.89076559732679, 34.9583337455887, 35.77468780093874, 39.7711435661498, 44.85602757060684, 47.268588532334704, 47.36836054745731, 49.44501100667289, 50.99884617681223, 59.3976693245734, 60.14803322427043, 62.152456534174455, 66.70354760368735, 67.64561669776057, 68.26499210497542, 70.53458826544656, 70.60268232476014, 72.18592455559036, 81.22596085953991, 82.58129537742042, 83.28197925296162, 85.39817059308128, 86.30500787528003, 88.28351186617549, 88.50218246040482, 91.60001864552925, 96.009669694451, 96.3701310458371, 96.95557748006473, 102.64311288610703, 104.24767917609671, 107.19101860963964, 109.36309931867271, 109.69123212603147, 110.86354666402057, 115.8090766574051, 120.99987939610673, 121.18989602348229, 121.59468644679971, 126.07768646782236, 126.13219472902597, 127.03016769656303, 129.59535891473405, 129.97846399991127, 131.54875899475698, 132.02691351006195, 135.33440117074016, 138.0251707710604, 138.1080544430731, 139.08696428566537, 139.7950995250667, 140.95628945205883, 141.02941579603933, 142.54639424104172, 146.12170080230308, 146.52990306282294, 153.0133902655959, 160.76961248758786, 165.0620498994685, 167.54050956367283, 168.80103114660773, 177.03875975712776, 179.47803982757108, 182.2013557471998, 183.06330744853074, 184.52256470842786, 190.4155839386706, 191.91745987897224, 191.953593158198, 194.07024688887998, 194.50163166094092, 199.25230338578595, 204.909550425707, 205.76844317311043, 211.14904939906657, 215.56095030832648, 217.30040062842843, 219.40318323399495, 220.4296026969775, 224.5964589272597, 224.79778882542973, 225.19907096793446, 230.74474573280764, 233.4614753528828]
---------------------------------------------------------
id: p5
link_speed: slow
compute: low_cpu
txn_time_list: [0.36902540292287633, 0.9102854121595181, 3.7014381208549336, 6.6914154563029005, 10.694450147359728, 11.251081370671155, 14.18521735033482, 14.203068133907806, 15.360575388259782, 18.16295846963477, 19.076134973266875, 19.1716315753544, 19.676183961176974, 20.776905839792526, 23.12969310363788, 24.58691860897087, 28.427252072064963, 29.603344929994492, 33.71698258908982, 34.02729879026756, 36.36666722125396, 37.13199962849921, 45.03470458225017, 46.91131518333671, 49.30957982333611, 51.407705117252235, 55.0903162280493, 58.364058484196086, 61.25303398633445, 62.94060909746378, 65.88020572160984, 68.3754640611602, 68.77905804227453, 71.379390589156, 72.9765157202778, 74.24876400199669, 79.95615912275771, 82.45144779681894, 83.52987793526029, 84.30891587475084, 84.93714312475764, 85.37897274260715, 85.8944037035122, 85.92368743609373, 87.29353274302461, 88.63447174178756, 89.66865656063887, 91.34060225368798, 91.70959403072115, 92.75832845011918, 93.7734471917502, 94.94494127033316, 96.18649080023728, 97.45499912353807, 100.68898454134435, 102.66168426781135, 105.46687646695193, 109.32571135370827, 111.35565433458775, 116.04232599802314, 117.31317326375896, 117.57087019709049, 120.61773424676171, 122.6139544336076, 123.09274908406923, 125.50336099322965, 133.61040896278985, 137.56245135012097, 138.15779138842527, 142.30257227041403, 142.87733612764663, 143.10307070202234, 147.13318488048938, 147.81577491591813, 152.1199820260945, 152.9371842590564, 153.12360837050787, 154.38472435565706, 155.91186282339348, 159.19111320392417, 160.66641888312265, 161.12235804603972, 162.11164124679493, 163.8698367959275, 166.41614609053266, 169.6742138491257, 170.79375816874762, 173.0417766888445, 174.44957134422808, 175.12573632453922, 175.16446348040282, 176.6714787638156, 179.15970399622822, 179.7683689133565, 180.10959671553738, 181.20908412990534, 181.4183285806318, 183.19999894974777, 185.16863716420252, 186.52670665517283]
---------------------------------------------------------
id: p6
link_speed: fast
compute: high_cpu
txn_time_list: [1.6243647960302758, 3.4308830686591323, 5.24634505743346, 7.442004261024533, 7.5755338813938495, 8.208930258770787, 9.564934014194074, 11.725923382988121, 12.13429497217291, 15.236356350132306, 15.68089299080076, 16.729549381497176, 17.585907201516203, 18.562577372706823, 20.567748758297185, 21.046608744745278, 21.1651365436666, 22.05950877092549, 23.219752813453795, 25.170726130722887, 25.725684284986507, 26.21080780203386, 26.333599709943066, 26.715326999003192, 30.90232124112366, 31.297997004279082, 31.992838191685586, 36.550939748892915, 36.614859961928374, 37.52195127552663, 39.143348170740296, 40.19152493794593, 40.43941559504261, 40.840657360253104, 41.036530541093335, 41.93284201717988, 43.08078284506483, 48.15989013753655, 50.41054198093195, 51.43127270360409, 53.23554403741736, 55.27382027450155, 55.43015628953709, 56.668840044249514, 59.37689516902985, 61.57602644725996, 61.86045883771591, 66.09851107256353, 68.83121975083951, 70.90806637911243, 71.29891124308494, 71.50469632074832, 73.31720247715458, 74.90794447602448, 76.81939877182901, 77.13247330841669, 77.42442673774008, 77.66423737560503, 77.93895732349765, 83.15091580351014, 83.22482045303833, 83.56739912253045, 84.9937350202622, 86.19766268956987, 88.07662456593475, 88.62359869097675, 94.18383580472802, 94.72163953599063, 95.40805330903021, 98.80077904621818, 101.58783189762495, 101.589821140511, 102.80524956504804, 103.50947449029438, 104.027008459249, 106.27833620321562, 106.40121666381101, 106.5147071601852, 107.19608057628399, 111.19433789805622, 111.72803954477847, 112.30492148022431, 113.25463740448647, 113.83016267186017, 113.85478171600168, 117.11827214856883, 117.40711450418587, 120.38883385286066, 122.13489898750893, 122.56652699078109, 125.5316828929113, 126.01568471468748, 130.6291080918272, 131.604569030962, 134.4716671093243, 135.3603134943904, 136.05781137195206, 136.35404408473158, 137.31454048280386, 139.1782118132894]
---------------------------------------------------------
id: p7
link_speed: fast
compute: low_cpu
txn_time_list: [1.5618033802683116, 2.6954529680003483, 6.387987520290154, 12.365816887377846, 18.21268347357151, 20.57988366371162, 27.446966851386286, 32.52115871005888, 39.668671623687665, 40.81272329119232, 43.21898122399672, 45.29433821609875, 47.5258335485623, 48.225827153456954, 49.52102738583753, 51.5010299509148, 52.6903689156228, 54.9815144089958, 58.50141538156616, 61.03037258979203, 66.43338148313394, 66.54481515729694, 67.43506480752627, 67.91261049795298, 70.84636170968064, 71.337622171701, 75.55403805197348, 75.6273715778576, 77.68828804471427, 79.02553260429345, 81.28790095027125, 82.96251924050442, 83.76210156219142, 84.14016130234745, 90.22733838189173, 91.44708794975277, 91.5659486631603, 93.3573822789294, 94.17420790425935, 96.81321169886675, 97.02110220161678, 97.35638805737607, 100.65369270313062, 106.4247245323717, 106.56117738413737, 108.35669740723453, 109.01520197662975, 111.27753786236619, 112.69599040687274, 112.77652242949875, 112.84781429629008, 113.4292916831213, 113.6671395912406, 113.75063829867779, 115.3859149593271, 116.10735758140643, 117.0130887998021, 119.1670584178872, 120.67985404379525, 122.22643114560614, 122.67879225927516, 123.92378657519943, 124.11901619295988, 124.47755633818495, 124.91844855851126, 126.12802396155001, 127.49033379192667, 128.81724881020872, 128.8291406771876, 134.49613192071646, 137.7029411768783, 138.7059259050768, 141.8741063628328, 143.14317739896455, 143.4473278918404, 143.80669340441878, 143.95956251471895, 147.6202869612179, 152.91872168709443, 156.85019196600263, 157.24045543635998, 159.12231562515498, 160.30078059024257, 160.80666352935583, 164.55607289875437, 168.5248195033554, 170.48629291366007, 174.43901222589628, 174.93697660726517, 182.45433903081636, 183.21916849884354, 183.92902394791554, 184.86162498901513, 188.76868270916836, 190.76775010694885, 192.0792272118464, 193.96863534898404, 195.1012436175936, 197.751816840428, 199.86881169712788]
---------------------------------------------------------
id: p8
link_speed: fast
compute: high_cpu
txn_time_list: [1.101714460277883, 6.782402998955818, 6.809818340667291, 7.997819930030984, 8.451135865864769, 9.300072923855144, 10.28522114969066, 17.054460028033972, 17.653000143122142, 20.61038889231231, 24.37422216079174, 25.21318312437895, 26.001362016070082, 26.982753770943123, 27.27927664380492, 28.0909620435844, 28.64011313978752, 30.503705019751752, 31.87418285815018, 37.20855287311533, 37.59233060797814, 37.88544635921752, 44.017176200711546, 45.05314824525191, 45.301862643250786, 48.031229851508705, 50.36996949142029, 51.813433080537465, 59.88216182436829, 61.28562310054165, 62.79418074815306, 64.75348720081281, 67.1655168493123, 71.98770143116987, 72.63395341880202, 72.8885648265246, 73.72528287186262, 78.0712546119057, 79.15276063250035, 85.04085255376951, 85.27634130117933, 86.38769892129122, 86.94488896840791, 87.25162530048873, 88.89242391824342, 89.28075446041952, 89.2889535244582, 89.92297280997572, 91.05798609596134, 91.99866121111877, 92.24168933476355, 93.1572526890713, 95.71766595798908, 95.98240255740849, 96.16948656020648, 96.64442756068709, 100.34074839241705, 100.39917342446797, 101.97448626880352, 108.61465368425209, 108.9722137427234, 111.54104561203623, 114.65938378849803, 116.79804245194076, 118.19984713047995, 124.68753293550145, 124.87617842879048, 127.52826293248421, 131.31088490691266, 131.6764421260637, 132.8669773149273, 133.77697769633008, 139.59095264101316, 140.31503657202109, 143.32154993084612, 147.29621652471764, 149.74778667391712, 151.19638321938478, 151.2549949640966, 152.81299850279257, 156.83816289207172, 159.0670921943488, 160.06002990284287, 162.364003501687, 164.72461396099385, 164.9323475170453, 165.97777509026372, 166.23563175473186, 168.37214997582797, 169.01440584472962, 171.9644563369187, 174.9719456340623, 176.00014000147885, 178.5941388714935, 178.94555463264675, 180.54961952631388, 181.09670545401053, 185.08178046290595, 186.4211671379026, 186.83770634128774]
---------------------------------------------------------
id: p9
link_speed: fast
compute: high_cpu
txn_time_list: [0.7157303978751827, 0.8461919328119929, 1.3880128419081323, 4.025232173426334, 4.647252139066279, 5.215441722800845, 13.082735983821424, 20.403218644353785, 20.53811408861997, 21.053186843429938, 21.989325830408333, 22.421990881738008, 24.864698773036395, 26.352292868818733, 26.89147845268644, 27.661536269216953, 30.121195198957178, 30.5530987763292, 35.9566299388687, 36.82667823647219, 36.99114566236233, 38.32235400942787, 39.26977242061312, 43.75453305779398, 44.6719965353814, 44.86208927689227, 47.13221571230553, 49.3632568705482, 52.558076864593346, 53.972317522687945, 54.6284448808785, 55.772424518717855, 56.360143615861354, 57.1804618180725, 59.01235849055271, 59.040881346768145, 59.43922911352805, 62.04820319024023, 68.42354182483756, 69.31311432749445, 72.450790061518, 74.16305345162809, 77.07471285053835, 83.07136890982733, 84.57304098156573, 87.97062562351027, 89.49132238814967, 90.42820854651063, 92.83205803165211, 93.44755149825322, 94.22749752399922, 95.62192131179769, 96.40823713498284, 97.20094827041609, 100.94149141704253, 104.3249353872469, 107.15345552273165, 108.02073584030076, 109.04664609026848, 111.04737379011769, 113.2878010805711, 115.65669653662088, 117.38007438710551, 123.38050273004686, 123.56813163703612, 123.78542440002967, 126.24275970600944, 133.4001166443661, 134.09920895556792, 134.37971923522585, 135.58237583718807, 136.294646024843, 140.6882562744292, 142.0485414306731, 142.17095756225083, 148.39814581244298, 148.59326230426677, 148.64975905800938, 150.84956183465366, 150.97985641350112, 154.97954400554224, 159.05429556384175, 159.3066464590544, 159.5821733237591, 160.83219344035953, 168.81690487910186, 176.18046780037474, 180.1930067590896, 180.4535805188962, 183.46657080382352, 189.95723161980473, 193.08919353866494, 194.30994274181086, 207.79692115034186, 208.99338416247937, 212.90230038137582, 220.04457485326392, 220.4929683042544, 220.6893258193112, 227.36179431437128]
---------------------------------------------------------
